1.99
1.99
1.78
1.76
1.76
2.10
2.05
1.99
1.99
1.60
1.60
1.96
1.96
1.96
1.96
2.19
2.19
2.19
1.58
1.58
2.20
2.20
2.20
2.20
2.20
2.20
2.20
2.20
2.20
2.20
2.12
2.12
2.12
2.12
2.12
2.12
2.12
2.12
2.12
1.98
1.98
1.88
1.88
1.88
1.88
1.88
1.88
1.88
2.13
2.13
2.13
2.13
2.13
2.13
2.19
2.19
2.19
2.19
2.19
2.19
2.19
2.05
2.05
2.05
1.99
1.99
1.99
1.99
1.99
1.99
1.99
1.99
1.99
1.99
1.99
1.99
2.15
2.15
2.15
2.15
2.15
2.15
2.15
1.85
1.85
1.85
1.85
1.85
1.85
2.02
2.02
2.02
2.02
2.02
2.02
2.02
2.02
2.02
1.85
1.85
1.93
1.93
1.93
1.93
1.93
1.93
1.93
1.93
1.95
1.95
1.95
1.95
1.95
1.95
1.95
2.08
2.08
2.08
2.08
2.08
2.08
2.08
2.08
1.98
1.98
1.85
1.85
1.85
1.88
1.88
1.86
1.87
1.97
1.97
1.97
1.97
1.97
1.97
1.97
1.97
1.97
2.05
2.05
2.18
2.18
2.18
2.18
2.18
2.18
2.18
1.79
1.79
1.80
1.80
2.06
2.06
2.06
2.08
2.08
2.08
2.08
1.97
1.97
1.97
1.97
1.87
1.87
1.87
1.87
1.87
2.05
2.05
2.03
2.03
2.03
1.14
1.14
1.85
1.85
1.90
2.09
2.12
2.12
2.12
2.12
2.06
2.06
2.06
2.06
1.84
2.06
2.06
2.06
2.06
2.06
2.06
2.06
2.06
2.10
2.10
2.10
2.10
2.10
1.97
1.97
2.05
2.05
2.05
2.05
2.05
1.89
2.02
2.02
1.75
1.75
1.71
1.71
1.95
1.94
1.90
1.79
1.83
1.83
1.70
1.70
1.90
1.83
1.97
1.64
1.64
1.64
1.64
1.64
1.64
2.14
2.12
2.12
2.12
1.88
1.88
1.93
1.93
1.75
1.75
1.99
1.99
1.78
1.76
1.76
2.10
2.05
1.99
1.99
1.60
1.60
1.96
1.96
1.96
1.96
2.19
2.19
2.19
1.58
1.58
2.20
2.20
2.20
2.20
2.20
2.20
2.20
2.20
2.20
2.20
2.12
2.12
2.12
2.12
2.12
2.12
2.12
2.12
2.12
1.98
1.98
1.88
1.88
1.88
1.88
1.88
1.88
1.88
2.13
2.13
2.13
2.13
2.13
2.13
2.19
2.19
2.19
2.19
2.19
2.19
2.19
2.05
2.05
2.05
1.99
1.99
1.99
1.99
1.99
1.99
1.99
1.99
1.99
1.99
1.99
1.99
2.15
2.15
2.15
2.15
2.15
2.15
2.15
1.85
1.85
1.85
1.85
1.85
1.85
2.02
2.02
2.02
2.02
2.02
2.02
2.02
2.02
2.02
1.85
1.85
1.93
1.93
1.93
1.93
1.93
1.93
1.93
1.93
1.95
1.95
1.95
1.95
1.95
1.95
1.95
2.08
2.08
2.08
2.08
2.08
2.08
2.08
2.08
1.98
1.98
1.85
1.85
1.85
1.88
1.88
1.86
1.87
1.97
1.97
1.97
1.97
1.97
1.97
1.97
1.97
1.97
2.05
2.05
2.18
2.18
2.18
2.18
2.18
2.18
2.18
1.79
1.79
1.80
1.80
2.06
2.06
2.06
2.08
2.08
2.08
2.08
1.97
1.97
1.97
1.97
1.87
1.87
1.87
1.87
1.87
2.05
2.05
2.03
2.03
2.03
1.14
1.14
1.85
1.85
1.90
2.09
2.12
2.12
2.12
2.12
2.06
2.06
2.06
2.06
1.84
2.06
2.06
2.06
2.06
2.06
2.06
2.06
2.06
2.10
2.10
2.10
2.10
2.10
1.97
1.97
2.05
2.05
2.05
2.05
2.05
1.89
2.02
2.02
1.75
1.75
1.71
1.71
1.95
1.94
1.90
1.79
1.83
1.83
1.70
1.70
1.90
1.83
1.97
1.64
1.64
1.64
1.64
1.64
1.64
2.14
2.12
2.12
2.12
1.88
1.88
1.93
1.93
1.75
1.75
