1.96
1.96
2.04
2.04
2.04
2.04
2.04
2.04
2.04
2.04
2.04
1.82
2.03
2.03
2.03
2.03
2.03
2.03
2.03
2.03
2.03
2.03
2.03
2.03
2.03
2.03
2.03
2.03
2.03
2.03
2.03
2.03
2.03
2.20
2.20
2.20
2.20
2.20
2.20
2.20
2.20
2.20
2.20
2.20
2.20
2.20
2.20
2.20
2.20
2.20
2.20
2.20
2.20
2.20
2.20
2.20
2.20
2.20
2.20
2.20
2.20
2.20
2.20
2.20
1.98
1.65
2.06
2.01
2.01
2.01
2.01
2.01
2.01
2.01
2.01
2.01
2.01
2.01
2.21
2.21
2.21
2.21
2.21
2.21
2.21
2.21
2.21
2.21
2.21
2.21
2.21
2.21
2.21
2.21
2.21
2.21
2.21
2.21
2.21
2.21
2.21
2.21
2.21
2.21
2.21
2.21
2.21
2.21
2.21
2.21
2.21
2.21
2.21
2.21
2.21
2.21
2.21
2.21
2.21
2.21
2.21
2.21
2.21
2.21
2.21
2.21
2.21
2.21
2.21
2.21
2.21
2.21
2.21
2.21
2.21
2.21
2.21
2.01
2.01
1.91
1.75
1.75
1.75
1.75
1.75
2.01
2.01
2.01
2.01
2.01
2.01
2.01
2.01
2.01
2.01
2.01
2.01
2.01
2.01
2.01
2.01
2.01
2.01
2.01
2.01
2.01
2.01
2.01
2.01
2.01
2.01
2.01
1.96
1.96
2.04
2.04
2.04
2.04
2.04
2.04
2.04
2.04
2.04
1.82
2.03
2.03
2.03
2.03
2.03
2.03
2.03
2.03
2.03
2.03
2.03
2.03
2.03
2.03
2.03
2.03
2.03
2.03
2.03
2.03
2.03
2.20
2.20
2.20
2.20
2.20
2.20
2.20
2.20
2.20
2.20
2.20
2.20
2.20
2.20
2.20
2.20
2.20
2.20
2.20
2.20
2.20
2.20
2.20
2.20
2.20
2.20
2.20
2.20
2.20
2.20
2.20
1.98
1.65
2.06
2.01
2.01
2.01
2.01
2.01
2.01
2.01
2.01
2.01
2.01
2.01
2.21
2.21
2.21
2.21
2.21
2.21
2.21
2.21
2.21
2.21
2.21
2.21
2.21
2.21
2.21
2.21
2.21
2.21
2.21
2.21
2.21
2.21
2.21
2.21
2.21
2.21
2.21
2.21
2.21
2.21
2.21
2.21
2.21
2.21
2.21
2.21
2.21
2.21
2.21
2.21
2.21
2.21
2.21
2.21
2.21
2.21
2.21
2.21
2.21
2.21
2.21
2.21
2.21
2.21
2.21
2.21
2.21
2.21
2.21
2.01
2.01
1.91
1.75
1.75
1.75
1.75
1.75
2.01
2.01
2.01
2.01
2.01
2.01
2.01
2.01
2.01
2.01
2.01
2.01
2.01
2.01
2.01
2.01
2.01
2.01
2.01
2.01
2.01
2.01
2.01
2.01
2.01
2.01
2.01
