1.86
1.86
1.43
1.98
1.84
1.86
1.96
1.96
1.93
1.70
1.70
1.70
1.70
1.70
1.70
1.70
1.70
1.80
1.80
1.80
1.80
1.78
1.84
1.84
2.04
2.04
2.04
2.04
2.04
1.83
1.72
1.72
1.72
1.72
1.72
1.72
0.81
2.22
2.08
2.08
1.93
1.74
1.74
1.74
1.74
1.74
1.74
1.74
1.74
1.74
1.74
1.74
1.74
1.74
2.13
2.13
2.13
2.13
1.97
1.97
1.97
2.05
2.05
2.05
2.05
2.05
2.05
2.05
2.05
1.83
1.70
2.36
2.36
2.36
1.75
1.75
1.75
1.75
1.75
1.75
1.48
1.48
1.48
1.48
1.48
1.48
1.48
1.48
1.48
2.07
2.00
2.00
1.81
1.92
1.92
1.92
1.92
2.02
2.02
2.02
2.02
2.02
2.02
2.04
2.17
2.17
1.86
1.86
1.43
1.98
1.84
1.86
1.96
1.96
1.93
1.70
1.70
1.70
1.70
1.70
1.70
1.70
1.70
1.80
1.80
1.80
1.80
1.78
1.84
1.84
2.04
2.04
2.04
2.04
2.04
1.83
1.72
1.72
1.72
1.72
1.72
1.72
0.81
2.22
2.08
2.08
1.93
1.74
1.74
1.74
1.74
1.74
1.74
1.74
1.74
1.74
1.74
1.74
1.74
1.74
2.13
2.13
2.13
2.13
1.97
1.97
1.97
2.05
2.05
2.05
2.05
2.05
2.05
2.05
2.05
1.83
1.70
2.36
2.36
2.36
1.75
1.75
1.75
1.75
1.75
1.75
1.48
1.48
1.48
1.48
1.48
1.48
1.48
1.48
1.48
2.07
2.00
2.00
1.81
1.92
1.92
1.92
1.92
2.02
2.02
2.02
2.02
2.02
2.02
2.04
2.17
2.17
