1.88
1.88
1.98
1.98
1.98
1.47
1.47
1.32
1.32
2.14
2.14
2.14
2.24
2.24
1.80
1.61
1.47
1.47
1.47
2.16
1.79
1.79
1.79
1.88
1.61
1.61
1.96
1.89
1.80
1.77
1.77
1.92
1.99
1.63
1.93
2.14
2.09
2.09
2.03
1.87
1.87
1.88
1.88
2.05
2.05
1.38
2.07
2.12
1.83
1.86
1.95
1.92
2.08
2.10
2.08
1.90
2.06
2.07
2.13
2.07
1.90
1.96
1.85
1.83
2.03
2.05
2.09
2.12
2.08
1.97
1.68
1.88
2.08
2.06
2.03
2.02
2.18
1.87
1.91
1.99
1.94
2.03
1.91
1.76
1.87
2.08
2.14
2.00
1.96
1.98
1.88
1.88
1.98
1.98
1.98
1.47
1.47
1.32
1.32
2.14
2.14
2.14
2.24
2.24
1.80
1.61
1.47
1.47
1.47
2.16
1.79
1.79
1.79
1.88
1.61
1.61
1.96
1.89
1.80
1.77
1.77
1.92
1.99
1.63
1.93
2.14
2.09
2.09
2.03
1.87
1.87
1.88
1.88
2.05
2.05
1.38
2.07
2.12
1.83
1.86
1.95
1.92
2.08
2.10
2.08
1.90
2.06
2.07
2.13
2.07
1.90
1.96
1.85
1.83
2.03
2.05
2.09
2.12
2.08
1.97
1.68
1.88
2.08
2.06
2.03
2.02
2.18
1.87
1.91
1.99
1.94
2.03
1.91
1.76
1.87
2.08
2.14
2.00
1.96
1.98
