2.00
2.00
1.57
1.97
1.97
1.75
1.75
1.49
1.49
1.51
1.51
1.83
1.83
1.89
1.89
1.96
1.96
1.91
1.91
0.90
1.94
1.94
1.84
2.09
2.26
2.17
1.63
1.77
1.88
1.88
1.88
1.95
2.01
1.93
1.93
2.29
2.03
2.03
1.99
1.99
1.98
1.98
1.67
1.67
1.90
1.95
1.95
2.10
2.10
2.09
2.09
2.15
2.03
2.03
2.03
2.03
2.03
1.76
1.76
1.91
1.91
2.03
2.03
2.05
2.05
2.02
2.02
2.06
2.06
1.87
1.87
1.80
1.99
1.99
1.96
1.96
1.96
1.96
1.88
1.88
1.88
1.88
1.88
2.00
2.00
1.57
1.97
1.97
1.75
1.75
1.49
1.49
1.51
1.51
1.83
1.83
1.89
1.89
1.96
1.96
1.91
1.91
0.90
1.94
1.94
1.84
2.09
2.26
2.17
1.63
1.77
1.88
1.88
1.88
1.95
2.01
1.93
1.93
2.29
2.03
2.03
1.99
1.99
1.98
1.98
1.67
1.67
1.90
1.95
1.95
2.10
2.10
2.09
2.09
2.15
2.03
2.03
2.03
2.03
2.03
1.76
1.76
1.91
1.91
2.03
2.03
2.05
2.05
2.02
2.02
2.06
2.06
1.87
1.87
1.80
1.99
1.99
1.96
1.96
1.96
1.96
1.88
1.88
1.88
1.88
1.88
